field_id,crop_id_1,crop_id_2,crop_id_3,crop_id_4,crop_id_5,crop_id_6,crop_id_7,crop_id_8,crop_id_9
3399,0.010727998311028409,0.004541401455309177,0.003615232218309347,0.05094305505845018,0.009096893738294453,0.7520879502695955,0.005146098425241377,0.07275229646504872,0.0910890740587229
3605,0.010969026731179632,0.00924397119839073,0.014139950383290354,0.033293146892171076,0.01982473199708198,0.10691990196724528,0.023696502046520993,0.5149565416828678,0.26695622710125216
5,0.003963002755292507,0.002683099518885812,0.006636531713550018,0.01673313027558163,0.004178825718054409,0.01635042826165702,0.0031790994268111675,0.9246730317906658,0.021602850539501617
6,0.003357842446298757,0.0013342543006250424,0.0012898371514025212,0.0027042749663761224,0.012558240203434282,0.006342125080104937,0.0016420329399719545,0.8397448025597898,0.13102659035199662
3604,0.022933186327711335,0.012960482937600654,0.024432594002889663,0.12846954430271232,0.032980591625093834,0.5750805110595264,0.09765184206381435,0.09348709680484409,0.012004150875807397
10,0.006952582404447492,0.001711057487347744,0.009343215092292636,0.004224809431135093,0.0009724166158865591,0.008714202704504142,0.0018393255441907497,0.9543147171592584,0.011927673560937138
2173,0.0018153793398705351,0.002918159922836771,0.00287312421992102,0.0030423198621462246,0.004519398983169808,0.005563535699100366,0.00617946530687864,0.8801228979635072,0.09296571870256946
35,0.0010820003293829407,0.001245583752937542,0.002816061886888632,0.0020965290096128073,0.0007476007881332655,0.0018520318794491971,0.002125340609918217,0.9606058658903792,0.02742898585329824
23,0.0005836739217612888,0.0010407279044431872,0.0016851947415810955,0.00046558109238855645,0.003028765154738294,0.001958954535496584,0.0012562036811273904,0.9808843002591462,0.009096598709317382
3404,0.0016859924717733555,0.0023140052130463545,0.012756866525810533,0.0020251344952393704,0.016874187696247583,0.8996321641898266,0.03398696505090423,0.0244494650262521,0.006275219330900025
18,0.0004185738873808868,0.00044665038202093115,0.0007497195217188438,0.0012078126199524814,0.0002966108005630502,0.0005695822303994387,0.0006948984362928184,0.9836886036278346,0.011927548493837072
32,0.0002940112872358345,0.0004662925176123729,0.00029182728904360414,0.00021669225089617966,0.00041618719554894747,0.0007555022023517699,0.00040516980184694397,0.9478172305342709,0.049337086921193374
3411,0.005110649915330292,0.013760622902578535,0.04207494589066735,0.05229710451667107,0.020051630721432,0.3567995088706248,0.35432311582421455,0.11041750756727463,0.04516491379120685
358,0.0007891132152218367,0.0008994873621965995,0.0013349119643224835,0.0006879208533696296,0.000383438768974955,0.01807189025201851,0.0023237257113852042,0.9174390393532308,0.05807047251927996
366,0.0009660189115136977,0.000582291454520429,0.019853497778761487,0.9611528330740152,0.000755790838623183,0.0014359124188544677,0.005306542543316732,0.009333608844641293,0.0006135041357536473
3401,0.010535101392915408,0.013572883014914772,0.052722510747370305,0.1332802715185082,0.05081290336925607,0.26197907400919257,0.13187732755548032,0.3277915626132311,0.017428365779131268
54,0.0074214245125619055,0.007108962399517477,0.536255711621538,0.012580459640223892,0.0031725965514900665,0.06096749713232231,0.1868380949963778,0.1832033896631523,0.0024518634828163094
3406,0.0054480591063639965,0.006355198564393976,0.0446609538545473,0.05715107705996993,0.00853051543814848,0.7076703350265645,0.10061194592022554,0.06338959952316707,0.006182315506619219
28,0.0090458928738171,0.005683244379174397,0.7582220941262846,0.021185278048275292,0.01992456199431503,0.03015753588320655,0.09891847090938248,0.05414232722182514,0.0027205945637193397
45,0.0077521187805965446,0.008786584716839631,0.03429347243380852,0.041486587612541904,0.03472969029742402,0.09914779969401048,0.7092925254615459,0.05909030347050385,0.005420917532729097
43,0.006028961074418973,0.014290225034584993,0.08398711395896445,0.0699359105938474,0.009970750602326625,0.09791378284394865,0.6158900071927642,0.06663561604201396,0.03534763265713081
44,0.004478573730357999,0.005413790297853734,0.01776761767486523,0.009329508830347442,0.006094141821940703,0.46729284161434065,0.44995963266550043,0.034021959541386294,0.005641933823407442
61,0.0021232372788524143,0.0018762696372656466,0.6845631977447874,0.003107724860931608,0.008421047850436252,0.003068964388579561,0.28269444202020516,0.012972502254024361,0.0011726139649175817
69,0.004430840938592023,0.01390930074310271,0.06143226554705047,0.09796034539077562,0.006602856091275223,0.34095983027896387,0.16664074931398062,0.295127236127357,0.0129365755689025
3410,0.024267419268487005,0.009851904628736507,0.31642586117446014,0.06667754139089956,0.08839162787292072,0.21945966270623998,0.15845236304272284,0.10777296359984793,0.008700656315685213
57,0.0028523939013070493,0.002457119927627473,0.003182125606852856,0.0005765913897942044,0.0048409994416413376,0.0033280692020509375,0.0019297544701988966,0.9737059206914923,0.007127025369035058
87,0.0023166268454930653,0.003618064811784017,0.08223610897667105,0.7352526004419029,0.004180874323120474,0.012578308781056577,0.14857888185993545,0.00779569382799249,0.0034428401320441156
53,0.007148952006518737,0.003821332424482927,0.7434169597327546,0.014834931930507868,0.004007652182026355,0.008108554744961647,0.13587326456199447,0.08015146169476733,0.002636890721986092
48,0.016112086908297362,0.009073899502340414,0.04973480229259356,0.05825432640012304,0.03471940245215934,0.0177433927684077,0.6808399388590379,0.10820584051220467,0.025316310304835953
63,0.03133636549804482,0.018130761120438,0.04251781898320203,0.2816163645742266,0.033707229792817144,0.009008558861744603,0.4986841413635484,0.0716922719287857,0.013306487877192713
86,0.0026499397705637092,0.006753379103989407,0.2112319395474136,0.5088464019013433,0.007377954232853084,0.012155723537398211,0.20483393184495882,0.04101783872307655,0.005132891338403368
79,0.03112153318642508,0.0067945663215905295,0.46612578618470074,0.01015288419394195,0.3279924795858126,0.025417957843987607,0.036791808158564455,0.09292601327929984,0.0026769712456772635
88,0.2172589565562749,0.00992935827278286,0.188782673404145,0.1030145659897267,0.19119426419025123,0.05733265914293798,0.2099568209601678,0.017199864641421692,0.005330836842291846
72,0.014891664299157238,0.007307140581369964,0.01497981698221444,0.011210495806056861,0.09968560263132019,0.02716539063194898,0.027589551179658386,0.7703394784088119,0.026830859479462
80,0.006945573848240578,0.007018280541021775,0.056830625946500624,0.0214745873770413,0.7195217965757007,0.017518906911707235,0.02965752918041241,0.13862462476454296,0.00240807485483242
70,0.0005739110015678552,0.0023218506175301276,0.0046027766573530915,0.0007655901219310121,0.002081215270935547,0.0011417712076126287,0.001963700072293518,0.9849387375939598,0.0016104474568164721
92,0.003940354596018605,0.001445424486593517,0.008307561455032836,0.8751922439272776,0.004020305541402478,0.0015209921663265691,0.09473652045147973,0.009807645411200347,0.0010289519646683105
89,0.0009949411078138215,0.0007986780404421386,0.001504684637517254,0.992527452555426,0.0002124362551536298,0.0010641808766535211,0.0009311308491802903,0.0016659880527758637,0.00030050762503759215
90,0.001792151823123156,0.0005617482060539484,0.0015712393245268478,0.9892260879402371,0.0006343497256144963,0.0012592537987866565,0.002464664672281142,0.0014148498834251793,0.001075654625951436
100,0.9193406109010089,0.0014223336834987648,0.019980869907031035,0.002867157746862406,0.009550958457138319,0.006908786218483783,0.004040067713603588,0.03267622680131055,0.003212988571062682
108,0.002634889110063302,0.00037421326064591303,0.0012650124079258826,0.9890886371732771,0.0004770335498868012,0.0017357990454165094,0.0019095915036215691,0.0006325069425593035,0.0018823170066036739
105,0.003507376149368088,0.0005455548318105886,0.0026738247992657716,0.9808028208569205,0.0005977239606748061,0.0029821122308367454,0.006722422202541275,0.0008428089655416532,0.0013253560030404138
101,0.010662597440016802,0.005161528176222747,0.6363157262182776,0.010352488360415094,0.00925025748660515,0.006819644390634757,0.31385236743208406,0.006666124866510285,0.0009192656292335131
249,0.9955677162660809,0.00015132660200741144,0.00036860311559498314,0.00020840209648561906,0.0005186325234632199,0.0004383824861894866,0.0004015064017739009,0.0019326042837807926,0.00041282622462372607
99,0.19699877796279533,0.006968456315751656,0.02476534642700168,0.0141029859160375,0.007214250575238294,0.008293394068658514,0.03987551439961898,0.6808588594666695,0.020922414868228687
3427,0.008863375039149095,0.007150273214815767,0.013161665619971832,0.027322032064502597,0.007374592964796115,0.30235094493585896,0.6166661948601538,0.014838539130318738,0.0022723821704330855
264,0.005326228522513189,0.006287128861932064,0.030686567165539483,0.773159479357251,0.01432412650294211,0.06374954551406202,0.06357219050799331,0.02823190942242936,0.01466282414533747
261,0.02337873430477085,0.009068605571555791,0.09561315422029697,0.47272097556917503,0.04890340291983808,0.011743005158783926,0.16284756542413042,0.16554496611066435,0.010179590720784512
113,0.0020428494815549147,0.0005283122341239894,0.0024714659326840506,0.9874574838075465,0.0016953141572531513,0.0009631814866295297,0.0026014702783355285,0.0010637178647835163,0.0011762047570889418
115,0.0005267527780487478,0.00019393685727175252,0.0004932853262262325,0.9968316385171107,0.00021189180431187055,0.0005588621833584707,0.0005778864559724744,0.0004078243431897819,0.00019792173451009534
125,0.022002876490219966,0.012275060014126682,0.05752393076433324,0.07622414793962957,0.018033799660837745,0.14734559274295822,0.6517225334171064,0.010906684659580218,0.003965374311207939
285,0.0036943757788696387,0.014132240988828405,0.041828919328408924,0.11945650424946314,0.011260734874228231,0.08085450514906185,0.544664781243797,0.1377210092297586,0.046386929157584154
121,0.020813195853635873,0.004387535268108811,0.01865865032918737,0.010646573189246547,0.008870997437233599,0.009676438475461086,0.01802858560710147,0.8201931498193838,0.08872487402064154
126,0.00161866993034883,0.002301092182981966,0.016202689093990787,0.003556646603542494,0.009168215578124427,0.15999404448262494,0.7878596793588969,0.016802643528337453,0.002496319241152335
120,0.004992129492257694,0.002322580319209622,0.003819325086819447,0.0035908598520960205,0.01020424030631976,0.005334804424048853,0.00919528591453469,0.9362949284841862,0.024245846120527607
118,0.008816536465161572,0.0025709404938471484,0.008368828129849296,0.004988483154678284,0.012065164606682041,0.006910872085366986,0.009926795539773497,0.9316020160126985,0.01475036351194265
3431,0.002591563011806144,0.006093285979088752,0.0054533674632584956,0.007057472174727893,0.0045350893078506295,0.616361000652091,0.27510398530272884,0.07802475278788713,0.004779483320561042
123,0.001143407373154962,0.0014780626146877974,0.0017702746011526453,0.0026501525180001886,0.001337915484216688,0.004794127499773683,0.004445175803686705,0.9780792600018723,0.004301624103454935
135,0.004535894346543858,0.00020959141617225374,0.003296817011179856,0.0004989976772031296,0.9794927349155379,0.00048099627062883187,0.002824703636198385,0.008234145487411568,0.0004261192391241466
133,0.00036494431902294827,0.0001805093851282209,0.0007177297985325125,0.00020426754197651892,0.9629475020006594,0.0010896410944441833,0.001254767206614909,0.032693046240065096,0.0005475924135562494
304,0.0019468961560957353,0.000856131834858307,0.0031033099807219553,0.0006169976998902788,0.9366403420481828,0.004559652938294237,0.005099085308351963,0.04501203871314796,0.0021655453204566417
132,0.0006581937963761841,0.0004586688052197103,0.002186671553195471,0.001125697761182228,0.9448509936888301,0.0013108185684706862,0.003729237294917568,0.04501784008451665,0.0006618784472914724
306,0.0010214694304277094,0.0003781252578942699,0.004590511410607592,0.9895047144172051,0.0005604780991316172,0.0005737746809005697,0.0016576699552135884,0.0012151937940329553,0.0004980629545864103
320,0.00038374807417133064,0.0036557850309643525,0.01253284036586052,0.029519618308035508,0.009099085327993117,0.02942974217552961,0.9001679763911996,0.013949609753442825,0.0012615945728029526
156,0.001019808564192519,0.003065189625066533,0.006535223785271361,0.9120114023762519,0.008066088652322187,0.0013898032395789994,0.049824778440134256,0.016827170236170218,0.0012605350810119995
155,0.0007415082896392674,0.0039845334151971746,0.005693440747912979,0.005970198269132285,0.004490900393090744,0.20584899284255107,0.7421528475412443,0.02835982431811776,0.002757754183114309
159,0.026411239802090553,0.005461214976553525,0.01838135776561797,0.01685483404735214,0.0033389447996646747,0.020098521319363186,0.01345206571492454,0.865193854051905,0.030807967522528446
3415,0.002147265776655044,0.0010150926331089904,0.00035039090880295407,0.0013535064931274252,0.004427467707366529,0.978031446676061,0.003427407750137956,0.0070629801933220415,0.002184441861418034
3418,0.001608546001629599,0.003628227965430058,0.01460966979805293,0.0027811454056260784,0.0015813563793810358,0.6927543665294585,0.04140561785802624,0.22725858933189214,0.014372480730503403
3422,0.009268605618719379,0.0021182445186884945,0.005622574292322178,0.0037805553752167788,0.002304162727451512,0.8087311160792781,0.050126865762249895,0.11048409566879729,0.007563779957276279
3413,0.001688457268059177,0.0053886154111963324,0.008417015050185226,0.0716895511336771,0.0017972359619907374,0.6524731065953688,0.22568548596671387,0.02070237113179218,0.012158161481016548
167,0.008337260196070952,0.0043682814226253105,0.021892529371934727,0.024987700367354187,0.0024489230322624006,0.03182939508986056,0.008671519994286224,0.8519868609668014,0.045477529558804186
203,0.00023841841335526054,0.000825979040670009,0.004484111461638268,0.0019877395681462584,0.9416965859246883,0.0014198379771985104,0.010317869636014441,0.036192306107015536,0.0028371518712733343
207,0.012882740457420239,0.01505976134863659,0.1101047045094446,0.5239179092071758,0.03523639805849039,0.0904986478884947,0.12756465070802142,0.03403572309155415,0.05069946473076201
158,0.021695736780501892,0.0045787341399459785,0.017072653971987265,0.00737256753422133,0.002625802782263284,0.015375589713840412,0.010491983850126998,0.8992740575342381,0.021512873692874777
3414,0.0012922550142141582,0.002700954010787041,0.008180761074646577,0.019552701842688175,0.0096304398459201,0.3760504495692389,0.5572957049171766,0.01610994248598729,0.009186791239341123
201,0.010283132830579982,0.010731215053515828,0.23413256644092761,0.01696768316879789,0.06382152459615716,0.04395988138093199,0.36226072674998283,0.25064385241881254,0.007199417360294187
172,0.00189727022547281,0.005045724046503771,0.022476309928554133,0.007154638217923487,0.011389098946342885,0.02570328750669389,0.9231077122778698,0.0021854511598660216,0.0010405076907733495
197,0.0017942523480366122,0.0049632271854876155,0.05023105502394482,0.01770651543524109,0.010843441333859491,0.10271642920091838,0.7899978484118376,0.01556595299344878,0.0061812780672256444
220,0.04872803824696825,0.006030847916691061,0.34263301617542324,0.020566953881705728,0.42533709645139745,0.010747445888856497,0.1309350710046752,0.012617390739581994,0.0024041396947004387
176,0.0010439830604417272,0.002909326951853933,0.021219675508235215,0.004456530199888079,0.0062405548404954325,0.004336457594576454,0.9566165357940949,0.002798210820766582,0.00037872522964777357
177,0.005711261882723349,0.010210945427026077,0.08192666281385731,0.023610593832461137,0.032624939052652485,0.11647542890985747,0.49006083718619364,0.23142710605871494,0.007952224836513552
3584,0.0005814418856991151,0.0017470525375115717,0.001958822067015956,0.008477099859586595,0.005832808763178384,0.8041284330887998,0.16780454086600627,0.0038884008118160508,0.005581400120386326
2374,0.0012549254243330254,0.0008210671444963641,0.0010250559189004158,0.0017744833558363063,0.9255699416324478,0.00523362925625747,0.01855304734372956,0.04185687436581121,0.0039109755581879365
2646,0.0016540007187042071,0.0021685789037872378,0.008178691366388402,0.01674125503670684,0.7992962835815293,0.02291715676704997,0.10270678645178076,0.039018163389178843,0.007319083784874478
2648,0.0026756614647324172,0.0015607016405128132,0.002565048282569727,0.005495260095734786,0.8255174229176675,0.0470520477960481,0.05549359320272235,0.053793495445205376,0.005846769154806975
187,0.004317904335981861,0.0027444032167310926,0.00471871504547165,0.006613194789031823,0.01803910056580629,0.03417107162178607,0.017075142706930946,0.8032941970056461,0.10902627071261407
2647,0.002596019829530378,0.0020342272664043023,0.005023284464337857,0.01632820893778989,0.764319651244293,0.10197602042390515,0.06982129271008346,0.026160238240965094,0.01174105688269087
2649,0.003153716116389029,0.000882316802585438,0.004131303404220932,0.0043886614986214266,0.8708726334773776,0.015246891192953005,0.06407717775016576,0.03254362780137843,0.004703671956308276
190,0.8190509473588277,0.0031674352434863644,0.031649755033334136,0.0043661185771192304,0.06812353044625839,0.02038055818933267,0.0055211696158264136,0.042821505295411864,0.004918980240403366
188,0.018943515253285356,0.003683206135650924,0.014566991768317201,0.008084860322862352,0.004223690733961769,0.06414810050665364,0.008559261294513934,0.8489083503599772,0.028882023624777525
322,0.0012578351770503096,0.0013735088696470177,0.009648460447431742,0.005384793449840487,0.01177802891738178,0.030417735585440853,0.9347480803622906,0.0037624693980333698,0.0016290877928836764
196,0.005683091667247949,0.005220327911995215,0.19707197455113903,0.015355208603324495,0.029286573017791594,0.04201154997220213,0.6802877840037086,0.015467566782455219,0.009615923490135736
211,0.004099999088231606,0.004909682450964205,0.5875076104909359,0.018959144943742304,0.006002653257048555,0.002856203774527277,0.37321559205739235,0.0019158657629448816,0.0005332481742130007
215,0.05477148374255364,0.006474020457349773,0.38222451329400425,0.35196005282091497,0.0062519182358110855,0.05589215762437938,0.12457857685358766,0.010829203387537416,0.007018073583861833
217,0.026099606011261735,0.003956619933333309,0.5742510714933723,0.052060962309999625,0.05127883534395858,0.008233105379909216,0.27092185965793014,0.012576562437758261,0.0006213774324767903
214,0.06063183954273201,0.012306525810190025,0.16696603343626149,0.48750411965774804,0.009495911386133213,0.08649418007288347,0.11135556795815876,0.02757046185342589,0.037675360282467034
219,0.04312203626269262,0.009933209621329995,0.37005863686076773,0.08080794588159063,0.02711168417062106,0.024960359211355868,0.1877149857781082,0.24486643808066977,0.011424704132864059
222,0.0017429558825074667,0.008421295199120557,0.5385530827311618,0.10481591671332137,0.006351268415136969,0.023945300983984414,0.2989434678550034,0.015971607008762694,0.0012551052110013798
227,0.008219689820565429,0.0060403594851353715,0.08826653703916625,0.017290130307997625,0.007276730938939484,0.04142541733539326,0.8161365184957852,0.013056402760529428,0.0022882138164880194
232,0.006432208549470678,0.003146148768163525,0.5734673711930912,0.031035143054838083,0.0038396067340935465,0.012342417626161515,0.36532507678651793,0.003534151793115723,0.0008778754945479105
231,0.0007587430404243168,0.00812293640687411,0.013096754710121535,0.010313832774675015,0.004820143435498869,0.02913623379632578,0.9060858360109045,0.02660882152281324,0.0010566983023625345
149,0.019537034839246223,0.013592186378918744,0.1245862689815578,0.21539312276672154,0.08140770854506053,0.12957360651205208,0.35228267066563945,0.05553271754731418,0.008094683763489428
242,0.5240078066394857,0.0075550374967333946,0.030529349355974428,0.01820188924989959,0.006625850680108369,0.03664325053239817,0.038060313624122086,0.2949439701111188,0.04343253231015951
254,0.15046049204122483,0.00693461791981419,0.009957833096238673,0.01563515361667493,0.012821981685819182,0.03702740603804499,0.5149982765528491,0.2489764829239316,0.003187756125402457
247,0.9951427222220298,0.00012650815360248265,0.0005489467695819656,0.00015368173867167997,0.00021222550332314352,0.0003706155534477972,0.00019356584740879202,0.003089563033869924,0.0001621711780643241
243,0.9176228648391761,0.0013672729197172202,0.0033465511603774597,0.002946172661483206,0.007343412784925545,0.006276042583421261,0.004089509844525367,0.052030301569219055,0.004977871637154795
244,0.0016063909729937004,0.0006228581235021319,0.0009842749238919968,0.000814286146844613,0.9607702334782914,0.0037070552647826337,0.015592450564477436,0.013020081556264905,0.0028823689689513737
250,0.42886410238272094,0.014802100580909106,0.016552664160812223,0.2567314237993142,0.006635771586036569,0.031424297486338,0.19877841968530177,0.04203500254359649,0.004176217774970775
239,0.01801724347318667,0.012703732526952295,0.022630498058182343,0.007406102478943975,0.010355242223022641,0.037790806137097704,0.14316430582075854,0.7289462636900624,0.018985805591793446
2882,0.00612673928506027,0.001089565139088523,0.001372699002935413,0.9294131360094089,0.002638413982335098,0.008748689128409313,0.002216214084531822,0.025291657855262193,0.02310288551296832
2891,0.0014138128652533945,0.0003856682965632571,0.0013169542291936853,0.0012133688065369779,0.9732333482242593,0.0012816597364841596,0.006654422045235273,0.013037801638414297,0.001462964158059434
2885,0.011020710871491713,0.006014311319926612,0.011066585967610227,0.032863261922036896,0.024564292844522734,0.024126566862810544,0.04231852385106776,0.39920623561590346,0.44881951074463
2886,0.030278058370956522,0.010309554763256961,0.04386303775758218,0.02130283277217414,0.02074273535868579,0.024792274968589045,0.03184747787038835,0.5527416223968883,0.26412240574147877
3550,0.0007826796582259579,0.002893028966803234,0.00791742930163213,0.006058669946564194,0.004694086805809548,0.22348783348155854,0.7479516691016417,0.004620575272456218,0.001594027465308457
233,0.006222583716015019,0.0036607242758173266,0.004062309796789126,0.011507445916873962,0.006483034838762776,0.02165154297128598,0.004612742459578306,0.797526364731353,0.14427325129352456
272,0.8481805945213781,0.0017377992553048842,0.02293859448229467,0.007486044050648552,0.013762467534053352,0.004067920594262785,0.005126821928104906,0.0934133709876357,0.0032863866463170386
277,0.9698236292409698,0.0005211707082867326,0.0008686667265359987,0.0026916258165512533,0.007769576993232445,0.0012784247081134277,0.0007767978698786877,0.014925554036506665,0.001344553899925039
282,0.006109690253111757,0.000987588424563391,0.005484203805750308,0.9716151255818604,0.0016800030225103523,0.0028939754927781755,0.002678577209292031,0.004174761020111374,0.004376075190022231
268,0.01248924461187727,0.0006363312187147358,0.003495497507243381,0.9731429149444049,0.0005901365564182905,0.003951677772894752,0.0020105380334361606,0.002873341333107484,0.000810318021903037
269,0.016567201842993297,0.0037357675816303425,0.02218969348999907,0.8460662812792673,0.002604641141922668,0.04573275391246235,0.05422142239174336,0.006475523669366211,0.0024067146906155113
291,0.010239780340641607,0.0023577283397878995,0.008270646084516343,0.916735932711481,0.003556528068345517,0.010455471148855124,0.01746441241783375,0.02202197787950796,0.00889752300903096
292,0.0037183057381234403,0.0007536303299511483,0.004750502410563832,0.9802567843602054,0.002076021958849527,0.002268934106882639,0.002505991389447132,0.0024644819089121753,0.001205347797064846
283,0.010394234744815085,0.0008012957196582224,0.014724109068102833,0.9621601212513452,0.0015077948474164179,0.004950963627691785,0.0021502350306427053,0.002319014456285043,0.0009922312540429374
2398,0.004176864888663947,0.0005490628383161127,0.0067978413984614945,0.97911684343291,0.0004706198838124731,0.002842504300486361,0.0015424520412196058,0.002407139730528887,0.0020966714856012598
2395,0.015630878802987965,0.003754306766750474,0.009810960331051837,0.6988824822853452,0.011393151702383591,0.0581610011522552,0.010370925826470112,0.16019738427966465,0.03179890885309097
280,0.0024631522878767373,0.000858177953622335,0.0036259839553010992,0.9777596563125792,0.0006927571882768485,0.0006843676327365447,0.005247726523267611,0.006959673591368009,0.0017085045549716316
286,0.001311192105885357,0.0025189916850463625,0.016345655813229307,0.9281004162689399,0.008839106918538132,0.00333826168240822,0.01304483451194829,0.024442978883656624,0.002058562130347695
2401,0.020811384200976345,0.009209719926808085,0.32774764606150825,0.3200622157529922,0.01936206661882448,0.019141379963784032,0.23328714647565693,0.04373266991142551,0.00664577108802415
325,0.020377507180721257,0.01914285990014699,0.1531790992468901,0.030195930830788212,0.48947032039629784,0.08586083783053315,0.14248568309445594,0.04801504989041036,0.011272711629756104
329,0.0011846882988480868,0.0011987286523305225,0.019008093671790658,0.9510758028921468,0.0011529690116919916,0.005428058356817107,0.014197111380178122,0.003362588494144881,0.0033919592420519323
335,0.002144890756274979,0.011166249193075316,0.024876237390939433,0.061434063716589514,0.011964387394949044,0.07680067205901635,0.7902902210460784,0.019573588144114334,0.001749690298962758
341,0.008806519479029697,0.009572944452438443,0.09143052872674723,0.012662182476761366,0.3171782919905775,0.02480499908103836,0.4939294397809215,0.03855158885875863,0.003063505153727147
342,0.007724946866108397,0.007200763999287798,0.015815090484716566,0.022906208637890807,0.39182659461136876,0.05484357756076678,0.46871024009819573,0.028448811335911924,0.0025237664057532745
338,0.0184510209466309,0.003090305458658014,0.06799267579577643,0.8629430699789552,0.0168953012175305,0.0153894208087109,0.0069848072083426764,0.006088997597176824,0.0021644009882186735
343,0.005001186185592324,0.0045828146168276195,0.07990256538646806,0.013626141387033386,0.7721686840369272,0.011881242620532445,0.09857953509747504,0.012451002721922856,0.0018068279472212027
347,0.024196322071859386,0.0033266710918296153,0.014442899089168036,0.004241060636733741,0.8451070157076175,0.005577221030496204,0.08058037297627964,0.020888924035253473,0.0016395133607625945
349,0.052418455318216504,0.015512427048349214,0.02937926843995473,0.024598372822807454,0.4091902564450825,0.03877156736336948,0.38483220455397604,0.04123748058456666,0.004059967423677485
3398,0.014069799964570487,0.01195308592605912,0.21042618027401316,0.15307167457745363,0.1521854840796495,0.10589065976655858,0.28379583545424575,0.05771896613658325,0.010888313820866496
363,0.010793351665985544,0.0040373349565300835,0.7668595260045418,0.052498642890445556,0.006136648816330278,0.005348225061679538,0.1178033949705599,0.035472502274226124,0.001050373359701204
365,0.00507399558077927,0.004305624205640406,0.14533824053619457,0.7714560512884635,0.009068072340048935,0.005259341543805165,0.03670905109411803,0.021260896925880818,0.0015287264850692521
384,0.00936183596325114,0.00201760059603511,0.004881957012920189,0.003031230669005416,0.0033728866840601235,0.006806095354973774,0.0038849951371004153,0.878868501149669,0.0877748974329849
369,0.00166205994596006,0.002364165833662928,0.009920091698412263,0.013316106779380025,0.006011391898228062,0.023227363066813656,0.9330124974790057,0.0061286751412193636,0.0043576481573179985
3437,0.011034193861630459,0.010939262275018664,0.04402673421225983,0.058647314566319664,0.08075588181003314,0.6773858405458286,0.07148662062668427,0.03713918664216797,0.008584965460057367
3435,0.008453151449878404,0.008345936508551756,0.025086915594104767,0.06029842807289063,0.026452602511262694,0.27874787647797666,0.5100961559253379,0.06058371980859195,0.021935213651405317
1458,0.009601073560975433,0.04779512584514587,0.044403585999507694,0.017291964803983945,0.032864964581218466,0.019311178601536652,0.2074079502814096,0.6093522427643908,0.011971913561831464
376,0.002325564726624604,0.0025629271919828996,0.003722372906874907,0.002043463475395233,0.014200073690812123,0.0016409092987941592,0.01694039901621403,0.9492201131652586,0.0073441765280433564
386,0.0006971360052195454,0.0013449300348658334,0.0015384703377772882,0.001774748564050665,0.017060273315301095,0.0021843402189710534,0.0024584552938594494,0.9514753099925289,0.021466336237426248
373,0.018478945368851852,0.009069929085016812,0.01359366302385892,0.05854218864311624,0.01972072561906148,0.16607273858293184,0.4032810865464837,0.29648909174752786,0.014751631383151364
378,0.008825957671405725,0.013936448248713125,0.034859820475878656,0.039579026995984305,0.07730441110570084,0.00614410371890042,0.05829191884077134,0.7249514676887374,0.03610684525390817
392,0.00635718787267012,0.00390109467706891,0.05176866366155183,0.2913486285587459,0.03981332716591024,0.007905547294142013,0.5609546574827706,0.018957130268413155,0.018993763018727256
408,0.0011088922997488752,0.004655282423390987,0.008856656324518822,0.3931081326127959,0.0253650854458736,0.05920768834549023,0.4231320252478854,0.07514792210274662,0.009418315197549473
402,0.00016004328520119763,0.0007883203698973903,0.000298695626551283,0.0012484085129615856,0.001620771818138774,0.0017002362491802083,0.0015703352325301394,0.7888299773591377,0.2037832115464018
397,0.0005259186253254968,0.0014998220300530057,0.004004504760841184,0.1886180115168067,0.0015242567347069703,0.0142469809828115,0.7853711206259257,0.00319632768365964,0.0010130570398696288
1471,0.000557008570801085,0.00018106572676516755,0.0006861249562033958,0.9952972091561546,0.00015248338321506862,0.0003771777023826258,0.0011247939553193772,0.0015418685863390726,8.226796281957348e-05
405,0.006641408420324344,0.006841323984699915,0.05291666546021314,0.15804725381978577,0.06569913317766794,0.026884807874936207,0.5428354839082548,0.13582151908649454,0.004312404267623394
2673,0.02908464786385705,0.020054600078114607,0.30898555992171023,0.13697010098112966,0.0179994536548558,0.028989057676787677,0.2577222050913063,0.1925244646941405,0.007669910038098175
2671,0.006323244326586614,0.013426932799153352,0.2538045822022616,0.010974815052533797,0.01109519096070335,0.009828583712884514,0.675643198068084,0.01718819287121288,0.001715260006579868
421,0.007818279104582843,0.015431855732458512,0.0649170430934967,0.013113300623880197,0.02680865167958511,0.09876493415828831,0.6200451977529808,0.14563730778720743,0.007463430067520007
420,0.004583273613927319,0.011837233123289492,0.07563004490580046,0.10523957788987585,0.00663930524120216,0.06016842816733328,0.7127926838890276,0.020843326409646746,0.0022661267598971077
418,0.006284082634086721,0.019803040325901723,0.4282676315357929,0.007309728364669375,0.04295824973094309,0.011454401680923258,0.2917245533822471,0.18250125139281625,0.009697060952619511
415,0.002842045144769729,0.0031295322793604917,0.005941191203818867,0.0026570545611980575,0.0036417037903474763,0.04219541699397713,0.019665479775565934,0.8969675382385982,0.022960038012364205
419,0.0020362403097888885,0.005565654071765308,0.0899813795569498,0.005225282165231403,0.01732468747221578,0.013847012730793975,0.7850587862020002,0.07848148301073966,0.002479474480514927
431,0.022705401289354905,0.0017077662235818376,0.17841082243227616,0.011334356260767611,0.752167640232179,0.0019899731892310374,0.027690761422319018,0.003308815412595654,0.000684463537694762
438,0.013385980298664777,0.005091835929615947,0.023937733749601748,0.17197996450632788,0.003994649237264291,0.0942440954538256,0.6608689782870619,0.020321899321100578,0.0061748632165372205
413,0.0022238719305363607,0.002156432490475016,0.015698599620544068,0.8191817296245971,0.0029477244605986275,0.03896853527359521,0.11151617124822999,0.004907252922368158,0.002399682429055479
3397,0.0021235540639852695,0.002028068283397106,0.02557796899933812,0.6817615467494327,0.002696445153041181,0.04364777170699821,0.2378690826986751,0.0030531184307294786,0.0012424439144027174
446,0.009209317503722227,0.003219053913514451,0.005063374370337929,0.038407123380252074,0.002894783411441816,0.016991349332145713,0.006764597584465465,0.8693553269862327,0.04809507351788763
2113,0.0008356995344373223,0.0020060973477671364,0.005533322667907229,0.024305105628325562,0.0014360334332617058,0.008454682212793963,0.003657537067801644,0.9458051759508922,0.007966346156813098
452,0.054240077041635915,0.013635421005644363,0.16321985157614669,0.010546145133012259,0.030716723001189234,0.047782624267470736,0.10139681331402799,0.5705739315384655,0.00788841312240743
453,0.14751871188784413,0.016681124737266018,0.08545070668984528,0.029473293484618027,0.13785770986666981,0.26319077465363533,0.1683541944004484,0.13136335941195734,0.020110124867715806
454,0.19243947293436922,0.013323388862937822,0.1321281826571377,0.011406935530963442,0.19519471350003245,0.09889022639909388,0.1753602499092871,0.16826653831541397,0.012990291890764364
462,0.07027608871216795,0.0041629361329685935,0.07898977220202281,0.7503620339443889,0.011103104238557341,0.035264605774500836,0.010531215491120868,0.01936468105640705,0.019945562447865727
3439,0.002831074187989223,0.01033802227854236,0.021176025418041092,0.09500384599799871,0.00630355931377912,0.3851959679961782,0.2584374340667932,0.16675023164399005,0.05396383909668805
456,0.0353737656521818,0.012556543585366014,0.2695260198675867,0.027233593845224762,0.09346550274417019,0.076688972615547,0.2311952879056736,0.24407378602140575,0.009886527762844271
455,0.0007038244748677683,0.00047989207382634173,0.00485371433252625,0.9819631570537787,0.0004047605548818667,0.0005992703546286613,0.009655341140653608,0.0010934407456845913,0.00024659926915228804
442,0.00046009455945041143,0.001639838422045756,0.0010192798235281212,0.022277343011192094,0.0017187618568792198,0.00634299924507581,0.0026795055111640213,0.9429847983515797,0.020877379219084852
467,0.0013773008419637547,0.0007367023504258708,0.0013474803169724013,0.0004114895223133158,0.0004970152973449528,0.0020459035461410004,0.0012587613707200666,0.9893769447970837,0.0029484019570349563
449,0.0026694779557695906,0.0011067402402453522,0.0005232745090985109,0.000842795642166274,0.001219427044720483,0.005875203401294226,0.0012736263174876708,0.7160677152745502,0.2704217396146677
464,0.057677969336439205,0.01427375647532627,0.21786522916686724,0.2949932066749045,0.031679027334380945,0.06889936567984516,0.21267928850904316,0.0921349181270069,0.009797238696186606
474,0.0002674982641918288,0.0010266564949647226,0.0010546848176243397,0.0019265320263209672,0.0007665607521723291,0.0012411552668414505,0.002121970511969049,0.9551330738577697,0.036461868008145715
475,0.000352191643192143,0.0009020965968036775,0.00030050354581700187,0.0006653894305541043,0.001155482186117131,0.0010754144026875433,0.0013686772189876676,0.9822106669344128,0.011969578041427835
480,0.001190979115688112,0.0012783410880719199,0.005165975143904278,0.9564128455053975,0.0004968050138512017,0.002031862312891987,0.010169216862119764,0.019355986266130106,0.003897988691944915
481,0.0015244445053526536,0.0013444401651572237,0.0017064899773336073,0.005719574325486535,0.0007995741802127191,0.006839708543712869,0.008046387524937115,0.9594676759501369,0.014551704827670334
491,0.07873617340861784,0.007758113235851197,0.04134198497225227,0.725612208952133,0.03604950459833601,0.013022915538853166,0.012206799696732941,0.07798357060062776,0.007288728996595849
3443,0.0037553185418503117,0.02081621984021339,0.027179768382168762,0.017478814648504506,0.0045202893837765976,0.23204980598122968,0.6439993420832646,0.04138520198523859,0.008815239153753526
490,0.0006622462335305193,0.004127594285505844,0.07909191671584655,0.8161185600864805,0.0023884169808746406,0.014480824166957748,0.04270591523149511,0.03823509859040943,0.0021894277088996073
509,0.02007267976231592,0.022034102552252754,0.26912563785073457,0.19874133278573444,0.006815836133068139,0.07725278854790012,0.14097462376045727,0.24915734715633864,0.01582565145119813
503,0.0014273789221854328,0.0012487857773890109,0.0013525345019081497,0.0017437674005771429,0.00040752300155670563,0.01965485356135502,0.0012643023543219734,0.6948503586552182,0.27805049582548835
507,0.005641722855569721,0.003769748298496674,0.006033756069993876,0.003913554124465237,0.003035054246437565,0.05236461896326941,0.0037814069986030507,0.5478810887227099,0.3735790497204545
502,0.0010493774751894546,0.0013591819112414468,0.0022548338368085477,0.0015259431933058022,0.0008220492893058609,0.00871080556239094,0.0020836208123980924,0.9262695570493559,0.055924630870004176
853,0.0036287626541540597,0.00843050444480264,0.013925906772652872,0.03690364779501545,0.026741167866009195,0.5454679971879767,0.16488834808434571,0.16123102201474285,0.038782643180300586
549,0.02407494295167896,0.007311324098000953,0.02742773151324544,0.025368911561069445,0.010257325815022958,0.008447992986996028,0.025132707805122268,0.8630980756761703,0.008880987592693618
554,0.003180280966265147,0.012864042795770707,0.028734647406582214,0.5286057374609068,0.0022882710463391054,0.021864813430321445,0.18705185796054236,0.21446671103389245,0.0009436378993798281
514,0.001837266041201193,0.00029737795354804097,0.0014881178975895027,0.001325195439293191,0.9859523043718822,0.0015444653954268745,0.0006019495264031478,0.006558777071298642,0.0003945463033570922
2090,0.005081388279709975,0.00455477220121734,0.039326409246445614,0.8568573235626875,0.010132674556715848,0.017494924149568724,0.032125753449695975,0.031829991601904896,0.002596762952054177
542,0.006563746150812868,0.00986921353228946,0.017125484460995724,0.340662554803199,0.013652265004729635,0.04358359352282998,0.1362503719919058,0.42364288501916986,0.00864988551406767
518,0.0017453274884050253,0.001343463641058463,0.0019085168200776504,0.9291785041415279,0.005583790667370161,0.013533239876224042,0.033444684130620385,0.009969057560078588,0.0032934156746375156
524,0.025984611585975034,0.0016587986321397194,0.004821829001529345,0.9431186971595394,0.004982327620269774,0.003290761195844306,0.0034052731162954593,0.008098311533877267,0.004639390154529715
1034,0.01193968381226706,0.0030037706049772183,0.004943027585729236,0.00669501353613351,0.0036734748533604248,0.013143362468099723,0.00512437682650979,0.9055456512269161,0.04593163908600684
536,0.0026167935700234777,0.0027057004842597106,0.005306392498787153,0.009952492457020292,0.051872915828195455,0.01434106247750608,0.904942984148266,0.0028240056659634403,0.005437652869978366
539,0.006484640310919508,0.0133137280625375,0.015641970093392858,0.10084918572227018,0.02913228129645994,0.1719012343859383,0.27582340046695003,0.349542563537542,0.037310996123989706
535,0.1536490900404696,0.006212196574723779,0.011824944457069872,0.030188267804234833,0.5057399205637719,0.020242258209086785,0.07589164821334919,0.14884214149664599,0.04740953264064799
1563,0.031016917346978316,0.010905406985912842,0.023488180855013013,0.035379396629363645,0.0463312458314167,0.17387018802963916,0.6246209169159846,0.05076669599735928,0.0036210514083324483
540,0.006581679077745377,0.019997912760764548,0.022323570018782404,0.05521276287097421,0.041846259923380126,0.09703561044713734,0.19486204189127795,0.551137393688513,0.011002769321425054
544,0.0016299404545321253,0.0003821398720931834,0.0028436783383241336,0.00299702594173564,0.9847280305841588,0.0014661637500394545,0.0014798410344215418,0.003740353353119777,0.0007328266715752632
534,0.01824328910505252,0.002015714611522443,0.005971671175109779,0.006649942476769343,0.9099463217130638,0.004643271002665008,0.015827199335931044,0.032368004959260725,0.004334585620625393
1569,0.01018130147927843,0.008932126439723293,0.01751260156600038,0.047238212183163396,0.08256689004423394,0.02729413790146595,0.6134194318197047,0.18584568146768565,0.007009617098744072
1567,0.036482387793868344,0.0042450004124898145,0.023960297709202067,0.010723723413682931,0.6450111499832413,0.0032445969570261035,0.21752966943749982,0.05670826761850179,0.002094906674487691
