field_id,crop_id_1,crop_id_2,crop_id_3,crop_id_4,crop_id_5,crop_id_6,crop_id_7,crop_id_8,crop_id_9
3399,0.003310538093727543,0.0015628757495152537,0.0018908896835535208,0.016082577071749704,0.0036428689332168355,0.9539575110021175,0.0018049914613604645,0.013992655935659981,0.003755092069099231
3605,0.004949168993284385,0.0031317654781293294,0.004271020349975571,0.017029747972022974,0.005676476945417609,0.010997777227608614,0.008093423759068737,0.9385002881944341,0.007350331080058648
5,0.0016071148153374629,0.001315599818523132,0.0013810851290331017,0.001945284749953499,0.0018601151751037389,0.004425145008567396,0.0015489669142424965,0.9839033051216632,0.0020133832675758552
6,0.0022220399802368855,0.0017391076506478472,0.0017843109910938842,0.0021654362880535074,0.0034119506695862445,0.0018683796206655113,0.0020171337155511643,0.9794926776685265,0.005298963415638285
3604,0.008458611345997248,0.0061512354076825775,0.00816771249505293,0.05806756445795011,0.009692736069255033,0.8536207445759082,0.029070534559264716,0.019009120469339186,0.007761740619550153
10,0.0028054751555783813,0.0018560296311429835,0.0018749137010846016,0.002191254712333662,0.0021847828738872466,0.002638843826664772,0.0020267319127977553,0.9818919324851058,0.0025300357014048304
2173,0.003693418808922629,0.003312305496613878,0.004574751613558472,0.003866042991591163,0.005308358012972014,0.005122388126656523,0.004177165880784919,0.9504860911699865,0.019459477898913728
35,0.001893341761970615,0.0018928315441563853,0.002353205466214832,0.001979421421508072,0.0024532632450571727,0.002000826801737203,0.002335442070018953,0.9810423104089973,0.0040493572803395024
23,0.001310105186557409,0.0012106296378105413,0.001438980198888466,0.0012597082586542233,0.0017254565753574323,0.0015080313741736683,0.0013224266377433885,0.9879660826784492,0.0022585794523655106
3404,0.004252026305006423,0.0020571309952395265,0.005545360046287182,0.0031852890338093694,0.005259268992150704,0.9580815901790244,0.012944954827405266,0.005820502976400975,0.0028538766446761545
18,0.0014165419448006714,0.001318430302839059,0.0015445263203692319,0.0013871265156094837,0.0013749209670756498,0.0015559456527679887,0.0015044818156598316,0.9872385179729971,0.002659508507881051
32,0.0012068168643910178,0.001215341805776534,0.0012428214133561046,0.001240848686291487,0.0013004683312203512,0.0012903259991821389,0.0013530615721074665,0.9838242591498271,0.007326056177847804
3411,0.006375598913435765,0.0063487921995572065,0.014045170877319539,0.012631270430000995,0.008065180550344235,0.8466330077904219,0.04448854015020779,0.05409295466510761,0.007319484423604872
358,0.001787289982738126,0.0015449762668264646,0.002133942182905559,0.002967275924141293,0.0018655813865906276,0.0034102094512787964,0.0026000166817374075,0.9800209603758833,0.003669747747898536
366,0.0015534627129791883,0.001344362028452652,0.00546457746537011,0.9807346561594256,0.0019677921942194993,0.0016844088032393926,0.0026688849814274726,0.003164410569499025,0.001417445085386965
3401,0.005182971471633998,0.00425438974668978,0.010802266616336967,0.057721009058291285,0.0073844362604504115,0.05005506638933043,0.8391935105986303,0.020003899518651475,0.005402450339985136
54,0.0028885638371024367,0.0027984129474304294,0.8936419116949844,0.0036863381191411158,0.002993918611461987,0.006843199418120618,0.036809489925003484,0.04732877806693859,0.0030093873798170538
3406,0.0023251975639353773,0.0022065262072525865,0.004420482318516405,0.0061945583624374604,0.003738651733015889,0.9516756424395441,0.015649636224568803,0.011131358589109472,0.002657946561619976
28,0.0021202242340209614,0.001999175180350373,0.9456519074115071,0.0029866783785380715,0.003277169390027193,0.0051655161082904,0.020724747088072117,0.015558116769637885,0.0025164654395560377
45,0.003153927651778818,0.002543511600252827,0.0049675100123693664,0.005443624068452407,0.0043638296637871325,0.006358664136717635,0.9648703886237748,0.005570467434103677,0.002728076808763433
43,0.003238807152290263,0.002310532301943647,0.009191382753316829,0.008314446203624978,0.002605759254538785,0.0059370356860275995,0.9421678754923839,0.022615697881131738,0.0036184632747423844
44,0.002320369803338973,0.001969595682482755,0.002769700219254361,0.0025980852925688255,0.00227182850846313,0.023105956013170895,0.9568131947248953,0.005576265633113865,0.002575004122711812
61,0.001520641133254478,0.0013102700547290924,0.9619100186709965,0.0025094280877856054,0.0020576801895068136,0.001528122512234099,0.021305972043017596,0.0064138310614691,0.001444036247006695
69,0.006166773895003961,0.011017913728199706,0.012527435198466432,0.03884853095048416,0.0059953827301688955,0.06657519037795516,0.06293468833061956,0.7889935901557162,0.0069404946333858795
3410,0.006941936946523737,0.005448254730841589,0.008120657912100867,0.012851035072539402,0.021301114843221478,0.8914744343417939,0.02846058193055348,0.01950075291292044,0.005901231309505259
57,0.0019453499286485483,0.0023418835270127528,0.0038150066880729334,0.0017380540516376648,0.0021435656584791684,0.0019699669683221842,0.0019100431479959542,0.981915427175161,0.002220702854669896
87,0.0016849169365687475,0.0013695001781568559,0.0028659734319259715,0.9734716674678586,0.0015430434140707675,0.0022678835112155396,0.011585723310195412,0.0032973057945421824,0.0019139859554657714
53,0.007121159294821593,0.005715691515092043,0.8357095618305692,0.059786360544400036,0.011237631914311583,0.008674123547329328,0.032372645950200396,0.029493036655106313,0.009889788748169452
48,0.010145148980346004,0.006006254826478691,0.01871749501894265,0.03220058995558469,0.013432124719139913,0.013777456970411708,0.866348996005652,0.02434472250289167,0.01502721102055281
63,0.011084685160907345,0.004782725644846062,0.007735468719321373,0.10465701800247089,0.01053578609911763,0.007643524469549446,0.8103847812284641,0.037291582648153236,0.005884428027169847
86,0.004527635542219711,0.004468996780608158,0.011952430377047962,0.9209901369387888,0.004720309633360079,0.0048721183949508255,0.018863188311761293,0.021227057901063242,0.008378126120199864
79,0.007664088433028918,0.0034894937651117727,0.015115396390116094,0.007197454394681023,0.8772958519514901,0.008392167869023644,0.006920951323299726,0.06883817792424642,0.0050864179490021895
88,0.022602331054828898,0.0030445835890121013,0.01110727151833471,0.8815252761294042,0.010417477637203609,0.0087193378053685,0.052009779578279236,0.006841233876976795,0.0037327088105917517
72,0.005970957660592567,0.005126007071090938,0.007469552079980038,0.008767943512095549,0.028268538735453055,0.007807183604166177,0.006464462713645973,0.9220501397324329,0.008075214890542888
80,0.002165312558499595,0.001926911046987859,0.004627930616966912,0.0035721456598549767,0.9627230420054006,0.005111309397076582,0.003068513195616383,0.01363354786886504,0.0031712876507320846
70,0.0012800241495744863,0.0012260307238805667,0.003758519106416098,0.0012804044327992554,0.0016056622870629725,0.001294813674427161,0.0018822731602164912,0.986145441167933,0.0015268312976898261
92,0.002591720437343115,0.0013751191826947282,0.0015343994056772762,0.9569019611268786,0.0016901847880961029,0.0018555288258119123,0.027580423765786746,0.004854218952224828,0.0016164435154867338
89,0.0011059371044230368,0.0010736224497303285,0.001212887748433915,0.9904595104621211,0.0009535320934654731,0.0013515166518236678,0.0011540126009998949,0.0014628826336491485,0.0012260982553532395
90,0.0009337424946478171,0.0009276976362125509,0.0010697968393559916,0.9906847913034138,0.0012109995799796612,0.0011040684471808984,0.0013707391167493022,0.0013747098972853745,0.0013234546851746982
100,0.9514850877739307,0.0018360700785269204,0.007295073103906306,0.002896848558472957,0.00438896572790673,0.003332191059674489,0.002286683654766534,0.02430507827187772,0.002174001770937564
108,0.0017595540258369966,0.001374273928775968,0.0017441952330442248,0.9847645557513722,0.0017856110913909067,0.0019494120013994545,0.0023788829047660482,0.001939942478239025,0.002303572585175324
105,0.002198752379708772,0.0016394960300232092,0.0023822716118078752,0.9808600896696723,0.0017896091343770767,0.003141750945080931,0.0030644468853459994,0.0022217254969242963,0.002701857847059593
101,0.0023716713059483657,0.0019300538299635453,0.950780472312367,0.004261264053816805,0.002915587698550139,0.0022146678394470093,0.02952788109284608,0.003878309356436375,0.002120092510624717
249,0.9854067918765592,0.000866226070391243,0.0013036091073586747,0.0010528912189238342,0.0010821285686888609,0.001068517186348363,0.0009852863560127795,0.00636258748510874,0.0018719621306082996
99,0.01892298872870451,0.003944676763600751,0.005957652184053406,0.0051041380384656615,0.0064177710345419995,0.004129136048886704,0.004981108803251171,0.9443722345812974,0.006170293817198442
3427,0.0033363791791022487,0.0019327031810451797,0.005558951907224121,0.005950172954981164,0.0039048958531778494,0.0282973655792067,0.9386377647236778,0.00918626748190683,0.003195499139678013
264,0.00333768468082803,0.0021929377668942064,0.0030118836502695417,0.9676859626901866,0.0030000238086190095,0.004786827309662823,0.007573589089907832,0.005598229863244947,0.002812861140387038
261,0.006666116905362886,0.006118657923577444,0.018300440553470385,0.8591450753550373,0.018175428767684427,0.007625586656513921,0.02333201895862402,0.05373407364216214,0.006902601237567401
113,0.0014520288422153174,0.0010335636037907354,0.0017240515997764751,0.9885070862265898,0.0013344556124561897,0.0015647554294272888,0.001291795791031609,0.001515919053240445,0.0015763438414721353
115,0.0012880180348259485,0.0009289922004063533,0.001466598492703285,0.9899925747444689,0.001002431943342606,0.0012445758711889735,0.0011073332600765675,0.0013489621715114287,0.0016205132814760828
125,0.004889134001636407,0.004102562478193416,0.009107634923987688,0.01584272186877091,0.0067594092493920505,0.030193950447108747,0.9128448242900141,0.010578819115472945,0.005680943625423679
285,0.009247000577753751,0.008449571696400118,0.016126283148324132,0.04021914949050358,0.013129247989462453,0.030308714758608024,0.8077083359582291,0.06059616656406025,0.014215529816658502
121,0.007638264424676722,0.0037844588706867134,0.004798281619861344,0.004794028940665224,0.0072813601465595455,0.004103642575489595,0.009302216970841397,0.9524289058038069,0.0058688406474125465
126,0.0024151803973295693,0.0018491818594073008,0.0035013324840008995,0.0020117363827767,0.007292566694739697,0.017526792908355692,0.9540822883748895,0.008882168059413595,0.002438752839086948
120,0.0022100835236002346,0.0019214727541041747,0.0019465791695278008,0.0020093018630124608,0.005574902716148834,0.0019832010125548274,0.0022311882455321786,0.9778664947710252,0.004256775944494298
118,0.0026757988212441834,0.0021059562038398716,0.002341006878362422,0.002162018377567311,0.007826229347299792,0.0023907554811492663,0.0027659518228463145,0.9742185791572551,0.0035137039104358517
3431,0.004271133184894707,0.003919539594543846,0.00489979676205954,0.004445370908412186,0.007836906222945462,0.8006745950157502,0.14145786961836435,0.028016291352075246,0.0044784973409544284
123,0.0021755951416576025,0.001911492520028715,0.002358206177293559,0.001862559965505571,0.0022973813523078017,0.0021193616380576763,0.0025799964103454184,0.9819832894096362,0.002712117385167502
135,0.002715481964315566,0.0007971746495145157,0.0020550120548858434,0.0010552316022218624,0.9861080884897261,0.001028350214257866,0.001567121842469867,0.0034982052221819264,0.0011753339604264716
133,0.0012260799750892875,0.0009562145750026341,0.0014694495908362884,0.001133808118384089,0.9838103658789253,0.0014738583301444664,0.0012741715942311208,0.007513373720081269,0.0011426782173054836
304,0.0035481322910130065,0.0019342909764706545,0.0021181044819949886,0.0020091636851837158,0.9024020032689927,0.0025948045630273292,0.004389147047747447,0.07851702772524485,0.0024873259603252077
132,0.0010751822054021513,0.0009180152083892701,0.0020567917512487035,0.0011145293885548159,0.976539948885519,0.0010860711579114678,0.0014296875623907598,0.014708282247137723,0.0010714915934460498
306,0.0017625871885410705,0.0014649608654135691,0.003175895367135808,0.9824416351327502,0.002335197666122886,0.002002110256966081,0.002474508478391825,0.002336072880561961,0.002007032164116435
320,0.0018338853376721033,0.0018479230558075758,0.003096558546296984,0.00957002752215433,0.004312824336680775,0.004352239427055367,0.9696362531389183,0.003099180269520743,0.002251108365893755
156,0.0018948337119917948,0.0015330166286274115,0.002149977594287332,0.9737930409258321,0.0027775541158444176,0.0016081509419206654,0.004350595021610706,0.010259924638484587,0.0016329064214010063
155,0.0014139019716640751,0.0013853422669236933,0.003643016582525449,0.0019119865496539919,0.0016690386883407285,0.012734291912421111,0.9702283176776194,0.0054883727037065705,0.0015257316471449572
159,0.0044111151154673485,0.0020462437851177,0.0029879841108810122,0.002311198902840263,0.002857691230380344,0.002616833136683786,0.0023596559748161263,0.9768656545476789,0.0035436231961346147
3415,0.003254727829861842,0.003038215266639574,0.0031076484377422988,0.003878325925766913,0.0050698526268081875,0.9661253418863526,0.004277513760940029,0.0071968848390380966,0.004051489426850523
3418,0.002395147130888791,0.002352517924957946,0.013224586325306376,0.0025094467068486107,0.002407205903439676,0.8974789942875107,0.01985634657146428,0.05570390561808885,0.004071849531494802
3422,0.002253171758143396,0.002050196394531139,0.0024344658584218508,0.003447725864024711,0.0020887655036668407,0.932434240272982,0.008895992623587987,0.04333024802063079,0.003065193704011288
3413,0.0017218482910963378,0.0015495662031527544,0.002755444004565007,0.035901471023040275,0.001854419094071797,0.8984635772237484,0.048510794729441205,0.007123658870108331,0.0021192205607760005
167,0.0023104451869866128,0.001909565523700931,0.0027268924032676466,0.004105391402585073,0.001901360973790488,0.002793687622094107,0.0021852934520354673,0.9789761976667974,0.0030911657687420833
203,0.0010768857846661913,0.0009449754037021397,0.002442177641585034,0.0015950162289740403,0.9826519258335001,0.0017538659549832488,0.003039971634090023,0.005238386151614827,0.001256795366884423
207,0.00594921580060392,0.0045303638650388165,0.014738349507217032,0.9087123784136284,0.010832944840550958,0.008265393506256215,0.025689976969659484,0.013991026804611855,0.007290350292433433
158,0.002367794301650075,0.0018325901675113867,0.0026348308078746416,0.002108020630022383,0.0018749640753695403,0.002835222659101539,0.002194555497233892,0.9815912927507954,0.002560729110441183
3414,0.00323694526476528,0.0028235411738989926,0.003527298927751712,0.014464723535708825,0.0057664931388897766,0.013948889843610063,0.9454578074452216,0.007354914972016802,0.0034193856981371267
201,0.003684247664042233,0.0033874830012667802,0.011740022613264648,0.0036985999507662503,0.007768520434029365,0.0074280958451210235,0.9451936348788208,0.01328200398577375,0.0038173916269152435
172,0.0015829612585782655,0.0046641387816203335,0.004479804276756077,0.002438873328481117,0.008584833545099875,0.004568345308833121,0.9699473838111791,0.0022352237720600337,0.0014984359173921414
197,0.0017813795299764055,0.0016469603952781059,0.008745407406412673,0.002419099734892013,0.00216956393732579,0.005874481354719078,0.9716890136164325,0.003937649485265533,0.0017364445396979159
220,0.014572851867135176,0.0033933233581862135,0.8982460547870902,0.005048540211922998,0.039488263223175106,0.007737264148111229,0.020743963365649067,0.007121918345924019,0.003647820692806029
176,0.001805899641386632,0.0011217462636967514,0.00512927685328756,0.0015680386751928796,0.003041429678709899,0.0020908995748183928,0.9821746661073743,0.0018222583302443726,0.0012457848752892885
177,0.005159376529741787,0.003961572529099532,0.007125853275824654,0.0050711219069589225,0.004862514241337359,0.014640708821852576,0.9135067887708469,0.04170552267526629,0.003966541249071886
3584,0.0017157057104978833,0.0015824979346858586,0.0019532018000166895,0.003543729547023207,0.0033561058268995222,0.903905584433181,0.07633569301917596,0.0051815876688103115,0.002425894059709398
2374,0.0021477558214519007,0.001427233993090207,0.001874824040688335,0.0020956653141865293,0.9659237021483226,0.0030606471187280184,0.006005336182210583,0.013634682890974583,0.0038301524903473325
2646,0.004544546175918633,0.0036835804018577087,0.005173302207166286,0.009906677163584348,0.9128354103356816,0.00926362449827359,0.024706408318893296,0.022136833409856737,0.007749617488767891
2648,0.0017902630713090336,0.0016232363641417054,0.002237869261012117,0.004457918490028546,0.9505205535402195,0.007607950132887947,0.01247937242009998,0.013305207056013756,0.005977629664287537
187,0.006957401868772077,0.0018655078873697731,0.002408967841192997,0.005235405448837421,0.0020048885576660585,0.0029521765921581796,0.002661598326631924,0.9691419153103601,0.006772138167011482
2647,0.001288815418679279,0.0011500491539992157,0.0018261453019009827,0.002846895138812991,0.97080729555285,0.006845159667190984,0.0060874614202583235,0.007208805818137602,0.001939372528170668
2649,0.0017323324889959313,0.0012457277747833784,0.0017177873411306577,0.0047442639382566315,0.9583699058368995,0.00922842143819145,0.00881893717590376,0.011000630661825087,0.003141993344013548
190,0.9728735661957248,0.0013476200647061793,0.0034062186087300875,0.0021878752525566706,0.003574590516216362,0.002318532386626108,0.0016423307134564432,0.010437577517010901,0.0022116887449722417
188,0.006281512339513462,0.0017440904157481679,0.0022885812618626948,0.0023522807816010608,0.0024398926190386506,0.005998850518813992,0.0028304458844427855,0.9714074079681843,0.004656938210794916
322,0.004204843489907587,0.004883675250081915,0.003810166220891435,0.0030672296084320043,0.004279982362151889,0.011201843213215344,0.960185055043418,0.005356198863372939,0.0030110059485289396
196,0.0024186674540921434,0.001930545152305136,0.05836233451092244,0.0051683127693372835,0.007492476405465489,0.0058136740167896465,0.9120893778974909,0.004175703166254925,0.002548908627342014
211,0.0016581833659196578,0.001882689533149915,0.9624197511291105,0.004793604480890815,0.0026412161252939285,0.0017048842723744,0.02019633659328154,0.0031755966149472313,0.0015277378850319448
215,0.007242466561732673,0.004744982154422968,0.02958581125877519,0.8848642335389254,0.004923840694043669,0.028477026567343872,0.02600461384516098,0.009063565407167854,0.005093459972427202
217,0.004159533860388331,0.0027002524316868393,0.9400594864194565,0.009071733591980087,0.008994874517866546,0.004188262129526933,0.02328476471521929,0.004457464951791613,0.0030836273820840187
214,0.0037919708138714186,0.0030353793793178093,0.01759594893337326,0.9515094994444614,0.003437784914483591,0.008948284930563096,0.003667748291823671,0.004676851347591568,0.0033365319445142552
219,0.009356064254952903,0.01218449532925086,0.060365283447666736,0.019861097448342552,0.010703182607616346,0.00997234094777632,0.035568634460737714,0.8321955735697294,0.009793327933927136
222,0.0038607814459762613,0.004834263956294527,0.03318286886538754,0.053449921762760665,0.004801114027552453,0.008924238628351533,0.87509566307375,0.011936261238055279,0.003914887001871792
227,0.003909191816041313,0.0024691256322249664,0.015580256570459713,0.005922407304040605,0.003629652817182808,0.005585429929596634,0.9537821880643644,0.006243417607588742,0.0028783302585007127
232,0.0027181261080801446,0.002439630789756424,0.887536914105269,0.010803743497213155,0.004418163714293829,0.004484397856775767,0.08002242018521505,0.004682863303666604,0.0028937404397299765
231,0.001771988070943027,0.002150195006364926,0.003078740697263191,0.0029971720418009197,0.0023135516666223906,0.007960550152170487,0.9740545683813134,0.003927095825722599,0.0017461381577990338
149,0.00873210519386866,0.00829418046932359,0.03495955681859778,0.06147309255799822,0.01112949769177847,0.01048069779060616,0.8443687924797021,0.012370082094712076,0.008191994903413076
242,0.08955971042817197,0.008537875468115583,0.011313348657267908,0.00912113850025939,0.010505675205358105,0.012695894272073911,0.026229727125275538,0.8213141656181683,0.010722464725309286
254,0.09698164125202106,0.002404163598999793,0.004154231378542222,0.0031362144607514383,0.007187670190624979,0.00617621125034187,0.7847289046138978,0.09267368643150393,0.0025572768233169665
247,0.9766869489649516,0.0007332545436470831,0.0016210785708354438,0.0010072291226388469,0.001528599574399482,0.0012659599010417012,0.001006723711120907,0.015095045734462647,0.0010551598769022983
243,0.8392776283842057,0.004843565265341126,0.005786464708421809,0.0054454329826491695,0.009052242984367373,0.006189123877315394,0.006398649896977887,0.11301025126679899,0.009996640633922402
244,0.0024540997123776234,0.0009730954240554011,0.0013915306080098586,0.0011455607073964584,0.983679347704545,0.0018317870279951024,0.0018716848129664914,0.004881458823243638,0.0017714351794104397
250,0.8766134581150741,0.002390065924490856,0.003124810331547477,0.04527031774855673,0.007704221836449942,0.009026733366637707,0.023120223207979643,0.02924533236820896,0.0035048371010546297
239,0.0068996489677572185,0.004519502365288622,0.0057598758582741655,0.0049796760922061105,0.006375650792016094,0.00764634566399781,0.016486528609216494,0.940417257844136,0.006915513807107619
2882,0.003824781245574336,0.002087497015578093,0.002529274477939602,0.9746783079850253,0.003256587457328621,0.0033283073729821165,0.0023789226020512638,0.00536523572124564,0.0025510861222750327
2891,0.001996132268009846,0.0013590228246534968,0.0023091251984391423,0.0018599407571758826,0.9770716933565181,0.0017563467890658465,0.0033341149757997804,0.008678100402787619,0.001635523427550165
2885,0.004607603479949817,0.00424605346051394,0.00507005212801315,0.010093273781821272,0.005706578463379675,0.006613528408122822,0.0056304010014114015,0.9401684238974225,0.017864085379365208
2886,0.004681873506092317,0.0035823629425802556,0.005608173085500691,0.004898640605631151,0.005050736171144705,0.003834933144441824,0.004075178177744869,0.9586335791563396,0.009634523210524527
3550,0.0028128735596162544,0.00248531975172668,0.003018737923998207,0.006296739424608899,0.0035269771309556952,0.05587409942565641,0.9170413306639121,0.005838281333645653,0.0031056407858800384
233,0.003656949402792357,0.003033227990371024,0.0031712380031801916,0.0033940910813883974,0.004511212226237229,0.00496512213265255,0.003394689510079547,0.9228389836382461,0.05103448601505257
272,0.9758392438690168,0.0011888762048816582,0.002317114462476221,0.0012759473418394235,0.0018044949656619324,0.0019285049948405224,0.0014461954009897069,0.012637976934206244,0.001561645826087619
277,0.9724850534813386,0.0011524269829062122,0.0012247870141313343,0.0018498938954115383,0.008486778680901306,0.0012781101289334777,0.001406025981126318,0.010159685319337817,0.0019572385159136335
282,0.0045785283766257715,0.0013569680688201267,0.0020183218785259616,0.9792700618368482,0.0022483892578380677,0.0036219889641766977,0.002335250561487635,0.0023384738744784118,0.0022320171811989254
268,0.0021514482009123673,0.0011524125424190433,0.0013449725267092028,0.9873735423498964,0.001415386312508291,0.0021579607335087208,0.0014741120904632617,0.0017731850877129463,0.0011569801558697576
269,0.0022238574254668016,0.0018058344431873636,0.002250992107791643,0.9725726784507946,0.0027477278120960247,0.007520116723787815,0.004867796663855786,0.0034726020717174215,0.0025383943013026
291,0.0019085754299756593,0.0013246680093516724,0.0018046280002507516,0.9822934132314959,0.002029083729375741,0.001681233999205546,0.002543117154702229,0.003882194672907653,0.002533085772734886
292,0.0012846904075560505,0.0010499581529521574,0.0019163480677964377,0.9874249176376938,0.0016535221090093477,0.0014243563024680305,0.0019008892980848103,0.0016300724980859544,0.001715245526353478
283,0.0019284537838769225,0.0011835840985144964,0.0014471136921133656,0.9870563493108818,0.0017252094477466478,0.0018056241425760116,0.001699466919298773,0.0017858697601424503,0.0013683288448493806
2398,0.0012255913973720398,0.0010209475447026516,0.0017134958699903376,0.9888963401375935,0.0014672386401804634,0.0012914613926159023,0.001395912734678291,0.0016891167218586335,0.0012998955610081869
2395,0.007930045858927436,0.006379029697030178,0.01057699115001653,0.9009574963519168,0.009158204039842402,0.00851040600199576,0.015998802891082686,0.029780931998628513,0.010708092010559583
280,0.00366744913888596,0.0010380954962413904,0.0012484088335374091,0.986485292358581,0.0012649760932113895,0.0018776621462812627,0.0012578263862855637,0.0017136066298614246,0.001446682917114558
286,0.0014014868470738479,0.0012404566241797632,0.0017559041021574702,0.9749207843487872,0.0013737843614546714,0.0016297526002808655,0.0022442735064338594,0.014092933623556347,0.0013406239860760843
2401,0.005621719968782046,0.004541312670845849,0.018455637828049258,0.07707425138372201,0.01045462329815141,0.005159967974815902,0.8386579168680375,0.03465422228616204,0.00538034772143407
325,0.009097269659602855,0.007685231502699082,0.015047357352798793,0.01160671124053604,0.8194306763173796,0.03545343373111303,0.042912601579002535,0.04852313416727466,0.010243584449593378
329,0.0013339144393465343,0.0012956509000295715,0.002648759605473715,0.9846409295948299,0.0015780784923346066,0.0017399536026352109,0.0031641940163597893,0.0020284105795690655,0.0015701087694217984
335,0.0024645696368024526,0.0031802475358873373,0.005710472957927526,0.007899755184891935,0.0038808185478052815,0.007568650113943898,0.9591808350769858,0.0069068858404414376,0.003207765105314312
341,0.003215183545515292,0.0027312729126092745,0.0120865887876248,0.0023201290227714824,0.9060538825562113,0.0024702203978272576,0.06318371367131662,0.005218019847430852,0.0027209892586931767
342,0.003590173884292353,0.0032770740073395956,0.005639676088558827,0.005527500248744183,0.8628451284683322,0.006230744820467462,0.09885983296946337,0.008336734266676743,0.005693135246125358
338,0.006744759680454707,0.001634044584771326,0.005255582944803302,0.971888385436407,0.003149589162709818,0.0031051840204586664,0.0030558514739541637,0.0033265769128239587,0.0018400257836171305
343,0.0035462965265901573,0.0025945672317827973,0.007686545527027952,0.004673975501220868,0.9568719851263755,0.0032427766978575987,0.012569192125827274,0.0053066106470047334,0.0035080506163132773
347,0.0019679528345843984,0.0011139957470338434,0.0033354432652598896,0.001575228381507654,0.97447702942798,0.0015352570538615668,0.012444287179969678,0.0023005681055621964,0.0012502380042408922
349,0.006779120770828079,0.00350814404583358,0.00823067473780018,0.009324306504423228,0.8426138077151389,0.01150108058116499,0.10336747115672706,0.010272828692797551,0.004402565795286348
3398,0.008301164645255195,0.005018438856712623,0.013690524650882656,0.03218726258910289,0.06595289722357779,0.01463490783918446,0.8405259521007807,0.013494918189804627,0.006193933904699027
363,0.0031527577398338716,0.0025946119906915615,0.9088891600020883,0.014761653451275732,0.005084522783445297,0.003128286633813178,0.04855845929910144,0.011155009979072811,0.002675538120677784
365,0.002072375174800918,0.001622259211140482,0.007445963135626711,0.9722869793916354,0.006163256804195833,0.002847548374643676,0.0033000166200216467,0.002582347634001733,0.001679253653933496
384,0.002419059226990611,0.001572316000572111,0.0017759602730888708,0.0026165094283182692,0.0025115067318123717,0.0016190202898054655,0.0018278398443362862,0.9817924702297683,0.0038653179753078363
369,0.004694366409932176,0.0026466197287010745,0.005193911781009491,0.008225936648510354,0.006635828357095665,0.008389458682599731,0.9550215084535179,0.005302859848122399,0.003889510090511167
3437,0.007857309408154446,0.007670714119901133,0.010472102872576097,0.019533981352992707,0.027059135066067427,0.8343647734753037,0.05358266978229173,0.031072251602052996,0.008387062320659713
3435,0.0037140344327428764,0.0034165397439487218,0.005354227796157564,0.007637519363283342,0.004752455203447359,0.12293923387711359,0.8369900575846921,0.009969600447757949,0.005226331550856551
1458,0.002154351484209212,0.0036862158104107126,0.003091470365478467,0.0030481924197085456,0.003721557918352617,0.0025725405921501,0.008636995385453644,0.9705516232678982,0.002537052756338355
376,0.002755125557971066,0.0022153201430180104,0.002799247591515376,0.003869571100906501,0.0035423935292760774,0.0030493054150538003,0.004126925984712873,0.9747585515307465,0.0028835591467996635
386,0.002317646955533038,0.0018437246489642351,0.002399259134997707,0.0021066948868793504,0.008252947765081103,0.0021520001158841584,0.0025475576107888464,0.9753127728332731,0.003067396048598558
373,0.004780192254156621,0.004022336511163443,0.004850050946500335,0.006967068904725923,0.0089211514906742,0.01271803303343323,0.9146473833766974,0.03880630540132251,0.004287478081326446
378,0.0033046430124295395,0.0031138966874730348,0.005593053510650981,0.004406834471552028,0.005492168252452859,0.00415343157000208,0.010137666444872169,0.958680709781251,0.005117596269316359
392,0.010591053338298214,0.004970902997846699,0.014442158568922898,0.03929615319797537,0.06966204878767635,0.01802148160339777,0.8104130446854932,0.022303320183042666,0.01029983663734674
408,0.0024671944963798086,0.0027981085746212075,0.0032694435234586635,0.02230418686019417,0.020715080587778902,0.005281526928937824,0.9264811324241388,0.012969571269477473,0.0037137553350131175
402,0.0018598945433610072,0.0018309176345644423,0.001857773450661831,0.002765283599630245,0.0018977524743783976,0.0019812985384143472,0.002382419784803749,0.969660504783457,0.015764155190729
397,0.0018854317169245854,0.004751291078874977,0.002187243587929674,0.015621092381079815,0.002010557157712109,0.0045964972733078075,0.9613097869462024,0.0055787543197017946,0.002059345538266906
1471,0.0010150824235620056,0.0008432028853292709,0.0011797812779460626,0.9915414907692891,0.000837002085015409,0.0011394030119593918,0.0012628490229310981,0.0013068713934008469,0.0008743171305667993
405,0.00679937106654717,0.006647715728446209,0.015150692112668153,0.021505419362532974,0.04319608078371668,0.009367453114604804,0.8043682201234708,0.08526748199200068,0.00769756571601238
2673,0.01362969036564462,0.008087652885174766,0.014718510585334285,0.013909009183730494,0.010986574297759425,0.009884552576933938,0.03254881152523454,0.8873549863261055,0.008880212254082372
2671,0.008810038898255818,0.00525827049241443,0.03161884941006799,0.005803057922582716,0.007052348228823492,0.005896521918813499,0.916567034696724,0.013671586896561824,0.005322291535756154
421,0.005031918002262647,0.004947059887379197,0.01143265649375196,0.005206457947537302,0.0068774977239365945,0.015868589474600615,0.9307787102251823,0.014440916555234657,0.005416193690114752
420,0.004174862046651396,0.006467244850438646,0.007319771825967192,0.07938927743562905,0.007442937263991625,0.02038575923195066,0.8567731986752958,0.013538532419267479,0.0045084162508081055
418,0.005808280538989414,0.0060114414510428794,0.06621161455137833,0.006377008848510522,0.007284089661339167,0.009422609195211294,0.04683790579571492,0.8446643157222001,0.007382734235613429
415,0.0028366173463026715,0.0024165969502160218,0.0034322270402156988,0.00251125000982958,0.0024273526182457907,0.009570209265202247,0.0055122234830698195,0.9674778287912544,0.0038156944956636903
419,0.00520791382803036,0.004775750679289045,0.01545554661485757,0.0052021713909225385,0.01209977856211727,0.006959289824046231,0.9296026926638477,0.014586056214778015,0.006110800222111252
431,0.00970469377121893,0.0017075304826096565,0.027199211488479216,0.0024634726437116282,0.9479653020979474,0.002492869176590761,0.003745237745888283,0.002878368247633611,0.001843314345920695
438,0.006274697764683362,0.00423670169324625,0.007369989345222333,0.06278276810370174,0.005879857949993422,0.027387195944551607,0.868138219766713,0.009046509884294618,0.008884059547593609
413,0.0011966811177016078,0.0010845287791594745,0.0015381405774112483,0.9810676346788698,0.0012229579797613337,0.003421066982365098,0.006630831241968736,0.0020106504760026233,0.0018275081667601448
3397,0.0024681846568716955,0.00314559456398465,0.0038439590608084096,0.9524002600074305,0.0016905572338169533,0.007072612141253233,0.025721630728784525,0.002006051017655169,0.0016511505893948102
446,0.0022663520195669597,0.0015369443601601508,0.0016151313773804354,0.011669316081341667,0.0016566383089753039,0.0022318889048985008,0.0017963269774671612,0.9737777482632727,0.003449653706937237
2113,0.0016683475411183055,0.0013579273204241944,0.0015377269127120673,0.0020380615120542166,0.0017336564928422992,0.0018130228848974828,0.0015589504575943254,0.986308338571976,0.0019839683063812004
452,0.009927808320539485,0.007076052675686117,0.009335705522295483,0.00786373994206268,0.013513243508597922,0.011192264191629312,0.023398115632835132,0.9103698774195337,0.007323192786820275
453,0.015443116123124585,0.01214095216238912,0.01858506364569896,0.01728552395894119,0.01999958181219413,0.01675568007135216,0.7988402340261356,0.08718194624968291,0.013767901950481352
454,0.025795937423321296,0.007389402842738843,0.02188463141975917,0.008385776248575118,0.04316989702911353,0.013692803684005606,0.05086812541491737,0.8207061641391157,0.008107261798453285
462,0.006231169371200236,0.0032560279397894354,0.018929175613561063,0.9423974881882272,0.003989319015983543,0.008934142183226582,0.003961085819088626,0.008241114816550798,0.004060477052372417
3439,0.007067301369006404,0.005852070033626485,0.009807949227855578,0.01606305278321633,0.006250109358081329,0.037945124296274696,0.08923284249863976,0.8126496089155323,0.015131941517767103
456,0.008446593611293256,0.007710979612565387,0.01852985085104202,0.010191766765887468,0.02295868818030186,0.009944496798109789,0.07107024353669475,0.8418470579063663,0.00930032273773909
455,0.001083959862833552,0.0009099426441448819,0.001337835253028075,0.9904640363663338,0.0010442784079024395,0.001384849538567473,0.0014857279971672006,0.0012719410454448703,0.001017428884577443
442,0.002676447694628416,0.002690611108183269,0.0027934761918670717,0.004776893990476862,0.002656942577320327,0.0033474222809659407,0.0032444102615750924,0.9747479933579865,0.0030658025369965894
467,0.0014886627625857296,0.0012289683899378923,0.0012866379465417339,0.0012826496453269983,0.0012134616098385495,0.00148232561928883,0.0013503784754861452,0.9891031704283243,0.001563745122669923
449,0.001509821506928438,0.0015196066420902286,0.001553771874163684,0.0015611398241654449,0.00160136296064558,0.0020847517862334166,0.0017209258027195919,0.9798400435544522,0.008608576048601513
464,0.014229334160356683,0.0065434448638943404,0.011040084404486698,0.8645602223196996,0.006811005456100774,0.008341545754464903,0.02876007347708803,0.04950008955439367,0.010214200009515206
474,0.001170731930634599,0.0011486157044061642,0.001322578314249154,0.0011783961053758488,0.0011343692338793014,0.0012333884204605273,0.001493975100967197,0.9892847644963269,0.0020331806937003327
475,0.0011365513118886089,0.0011401078803532927,0.0012106496181926807,0.001192782745941835,0.0021540462421521752,0.0011796076511796513,0.0012516181729480902,0.9890173351118995,0.0017173012654442949
480,0.0013421639620641373,0.001227619572045819,0.0016364405542849904,0.9857103280105756,0.001328302491720226,0.0020357748316635316,0.0028050407599787552,0.0021833382771766353,0.0017309915404902848
481,0.001905490790199993,0.0016309478979652152,0.002027254853849997,0.0022708322843531218,0.0016572112228855288,0.0023505130822524625,0.004542924573229348,0.9811505455958335,0.002464279699430843
491,0.06378799290813622,0.005053869667532754,0.006044867586857174,0.8695303705960961,0.008367396624487735,0.008624224455022743,0.005978258638879372,0.027121585136399007,0.005491434386588885
3443,0.002893497289200794,0.004416954401706929,0.0075400408393071355,0.0037870208165875704,0.0029005065791296337,0.0484281411014311,0.9043015715934736,0.021831085939716343,0.0039011814394469117
490,0.0016419559223963293,0.0015872174786376863,0.008064756041682742,0.9698004196870503,0.0017276638934365278,0.002721373946319258,0.005350452083709888,0.007099530784548287,0.002006630162219037
509,0.005636165948036006,0.005531470907183564,0.03156269213796172,0.892470295759424,0.005753121169667905,0.007987298935228872,0.009950706853632507,0.0330004956822069,0.008107752606658426
503,0.0020101098451795188,0.0017922306393719784,0.001910927173894653,0.0018739795375614747,0.0018382799822175867,0.005534849155024738,0.002022656425647902,0.9708686779784704,0.012148289262631708
507,0.005016887918581841,0.003260629563751068,0.0034845675505470225,0.00347787053126938,0.004371980511112558,0.00781272072265198,0.0035392255830287104,0.9507375831901163,0.018298534428941155
502,0.0018055694285582888,0.0017157690155056218,0.0019055779704028133,0.0017641076239381971,0.001771447795760163,0.0026550986950794413,0.00228395537347733,0.9815276275309683,0.00457084656630976
853,0.006012903809502417,0.005207135618070381,0.008475684213621179,0.007498842172226082,0.00611535165227228,0.043120760362784026,0.8743632270587233,0.04297891511647728,0.006227179996323093
549,0.006701018259417393,0.0044708802149435725,0.00671244154138885,0.004626237612000308,0.006067306568441407,0.0044958012315506465,0.007969680998868417,0.9543660011629908,0.004590632410398607
554,0.0022091032938224464,0.003720468754083749,0.004754517343852231,0.9382556280772373,0.0020653118924773514,0.004007134939341838,0.01838854847869439,0.024332194577212137,0.002267092643278454
514,0.0017016313968116466,0.0009307276771997022,0.001244431760712131,0.0018048257937486,0.9847122426171896,0.0014579143163266353,0.0011942575496163008,0.005892061682142829,0.001061907206252553
2090,0.0027228535676055415,0.004931768586877721,0.003492561509326808,0.970094047439357,0.003445514687908452,0.004843970006042973,0.002510467765263198,0.005489093436055832,0.002469723001562374
542,0.003637079416925777,0.0031262328781718226,0.0031915177482727333,0.0098661343665293,0.004814862993432129,0.005066493984622831,0.013984191489743185,0.9520943672597898,0.004219119862512513
518,0.001763138178430112,0.0011757524620951173,0.0015752108521120795,0.9644411114781711,0.0016657180479793126,0.0035525619803352397,0.019044457194297645,0.004524298411634111,0.002257751394945249
524,0.011283148192326932,0.003388516174027126,0.004140240677333371,0.9497680868190832,0.007380274985979506,0.006676151689778059,0.004179892287341277,0.008733917190236943,0.004449771983893588
1034,0.00252756792644806,0.001460436660729974,0.0017547496065119126,0.0015121066206611599,0.0030226869065702513,0.0018344591309481023,0.0020955862881953764,0.9814850808681513,0.004307325991783805
536,0.002931567089620122,0.0017755271384559503,0.002341075749078057,0.0026274633441578424,0.019373245142160964,0.003908102079223386,0.9603143345429332,0.004302125165135981,0.002426559749234504
539,0.007188232921452406,0.004544930138131492,0.004993125874581161,0.01059368886615805,0.015278190221578702,0.01730391450807353,0.026851137798134275,0.9073592088933949,0.005887570778495513
535,0.02524992837722417,0.0041432363904311586,0.004848036015393416,0.012350918082282203,0.8690450210147386,0.006323268799979068,0.011362703669121862,0.05980388795106689,0.006872999699762769
1563,0.00566966248142194,0.00366224733627729,0.00548879913996286,0.005827187487770974,0.02013559926195375,0.026145550551480642,0.913789712870208,0.014607812926146829,0.004673427944777697
540,0.004669517583768536,0.0030940485691866404,0.002969725360231455,0.005266804909537203,0.013369136565946509,0.005080249262407645,0.014431348394094103,0.9476057702456334,0.0035133991091944594
544,0.0014457071002992254,0.0007953232224881345,0.0013329503912348497,0.0016605712596062798,0.9893356432427383,0.0012912802368887173,0.0009008819796704409,0.0021975455645751253,0.0010400970024989503
